90 0 -0 12.188 0.0341504
84 0 -0 35.058 0.2471151
84 90 -0 -1.3330160598557 0.0992797
84 180 -0 18.0018338351264 0.1035299
84 270 -0 15.0654549810079 0.1992105
78 0 -0 -4.585 0.3080962
78 45 -0 -5.92529329877016 -0.1269262
78 90 -0 -14.9132677817322 -0.2062175
78 135 -0 17.9097555348246 0.0082746
78 180 -0 11.8788599728254 0.014407
78 225 -0 -30.1692203482905 -0.2365679
78 270 -0 -70.6335923162092 -0.1419638
78 315 2448.24928924985 43.201915937768 0.2881307
72 0 -0 56.016 0.4506497
72 30 -0 -2.64498523125592 -0.1392013
72 60 -0 -0.628784531013613 -0.1971212
72 90 20.2674072649638 -18.3179726911897 -0.1420926
72 120 83.7346800353805 -23.9412930143583 -0.067156
72 150 2.75855369198548 5.41972648635736 -0.0318862
72 180 -0 3.95583142674881 0.0101896
72 210 -0 -45.1138890971354 -0.380968
72 240 -0 4.37467640297074 -0.0582054
72 270 9.25767850290854 -25.7100220673184 -0.1442144
72 300 -0 68.1522029967253 0.3425362
72 330 1813.4826922793 98.5199458384655 0.398859
66 0 -0 64.843 0.2080926
66 22.5 80.7156230924487 -11.9472789776642 -0.1648536
66 45 47.7694820448635 66.4469261444645 0.0716477
66 67.5 22.4918868940127 -15.903135556883 0.0360206
66 90 295.345781835283 -19.5876569495178 -0.1021429
66 112.5 392.621388396039 -3.27292621109913 0.060419
66 135 740.885657225531 11.2114493292146 0.058598
66 157.5 566.206159372254 10.8043606243815 0.026439
66 180 346.094110105616 2.32578109143893 -0.0219821
66 202.5 154.547657323408 8.9553126139019 0.1063835
66 225 330.776818135172 22.7597478222873 0.2393245
66 247.5 398.244948836768 -6.66802080181339 -0.0758905
66 270 86.070265261279 -64.6219177269797 -0.266937
66 292.5 115.003605408646 -51.5330978835883 -0.2042734
66 315 2617.23533973627 54.4380800406506 0.5873757
66 337.5 18.8751823979184 47.8793094332814 0.5492155
60 0 -0 21.472 0.0512479
60 18 25.0001354552405 -4.76961183061493 -0.3487829
60 36 188.005564453392 -1.44821015689351 -0.0128581
60 54 183.726924255899 16.2825980707722 0.1652397
60 72 54.2505725420629 -20.1847383285674 -0.1865384
60 90 122.252012156743 -37.5868612243304 -0.1903939
60 108 326.045416291288 -31.3369855744527 -0.2758391
60 126 549.557700471158 23.8407485484043 0.0304411
60 144 591.23541694502 37.2224238276125 0.1562492
60 162 318.299014495125 34.5914436581846 0.2446338
60 180 -0 -39.3792415542969 -0.2041376
60 198 7.49668220996108 9.61623056177656 0.2246236
60 216 7.50520277270131 2.52850204460563 0.3511182
60 234 1029.95168601741 24.3250357714582 0.1501027
60 252 448.737437382778 -21.4697324459562 -0.3058716
60 270 -0 -36.9791231030766 -0.5538081
60 288 132.289332495414 -26.3718795161105 -0.2291414
60 306 -0 14.6139832311788 0.0777606
60 324 -0 28.7226896680281 0.2368987
60 342 -0 25.3514688562006 0.1375123
54 0 -0 -12.688 -0.0641182
54 15 8.48504604779096 14.110604260353 -0.0442421
54 30 181.50282861904 -3.61565589327773 -0.0895474
54 45 187.45157197031 10.3860847837472 0.0976842
54 60 347.737395497996 22.8203252909165 0.1960824
54 75 91.0104075298786 -25.8289354347242 -0.1802822
54 90 961.625861315012 17.5523976347995 -0.0283396
54 105 997.695701497146 16.6490859219658 -0.2167981
54 120 795.953120879581 -19.4645044050444 -0.0179938
54 135 1512.99331523289 94.4652026969795 0.2368476
54 150 -0 17.3512834526696 0.1273441
54 165 -0 14.8184668748547 -0.350053
54 180 -0 147.648736920335 0.0587516
54 195 -0 142.467537474618 0.3769981
54 210 -0 36.407010746495 0.3785321
54 225 -0 1.65011894119312 -0.0537456
54 240 1832.37886807827 43.1601870278724 0.0893097
54 255 587.755729913567 6.88930003937788 -0.0234907
54 270 215.489873917264 -36.743369039372 -0.3218282
54 285 268.940526449226 -43.5381716459372 -0.3574688
54 300 361.871846614774 -26.1516861010945 -0.3501588
54 315 -0 34.5419114172992 0.2735381
54 330 -0 44.3108159436591 0.2760464
54 345 -0 23.0489571004449 0.126585
48 0 119.999999613942 25.265 -0.0529606
48 12.85714 441.364872811798 -32.8123909610046 0.3027345
48 25.71429 419.635020422844 -3.95217882309394 0.2196951
48 38.57143 196.570724926567 46.6746048386145 0.0622034
48 51.42857 -15.4977867828986 -31.3357835743145 -0.3993376
48 64.28571 116.194129600655 -41.6102202568983 -0.2760569
48 77.14286 748.608288154193 -18.0142782581061 -0.1564783
48 90 3069.68778035802 42.2660547636348 0.0637348
48 102.85714 1589.37722883414 -16.4666331118027 -0.2744485
48 115.71429 658.941525589776 -18.9269878645872 -0.1397545
48 128.57143 323.440604886966 13.4235768297722 0.2225934
48 141.42857 -0 15.8590296642698 0.135483
48 154.28571 -0 180.183840184686 0.3553903
48 167.14286 -0 -25.7024805003151 -0.1548776
48 180 -0 13.0391683600712 0.1323692
48 192.85714 -0 17.7573299350431 0.2602398
48 205.71429 -0 5.6386073561899 0.0927249
48 218.57143 -0 -7.27066328810295 -0.1049046
48 231.42857 -0 -12.9637080414107 -0.1735675
48 244.28571 1030.39886590045 -12.8206331248275 0.0903414
48 257.14286 708.02240827886 25.0929970494667 0.2437459
48 270 468.8370110698 21.4236303051504 -0.0286717
48 282.85714 339.101599587562 -34.0341537104916 -0.2203399
48 295.71429 -0 -17.4728939730683 -0.1190414
48 308.57143 -0 -14.2065694361378 0.2024512
48 321.42857 -0 21.1290756471729 0.162945
48 334.28571 -0 46.360284279739 0.4775827
48 347.14286 -0 13.5538284221215 0.0612715
42 0 359.000000152026 8.272 0.2413412
42 11.25 -0 44.133109527002 0.3323308
42 22.5 853.044877470343 51.3143262339647 0.6331658
42 33.75 270.351167613948 63.1770493557208 0.2029042
42 45 1102.32670037748 4.34201669745742 0.6626705
42 56.25 104.264311705926 -27.555125252277 -0.0740295
42 67.5 233.006159198555 -52.6170261041697 -0.5172303
42 78.75 4064.40355437211 216.904049543386 0.3746251
42 90 885.989325438083 -61.65104625375 -0.730086
42 101.25 928.494380851891 -70.7448735716956 -0.6164996
42 112.5 1420.55563283435 -11.6517712843725 -0.002147
42 123.75 181.003515658809 26.399736748098 0.1955979
42 135 -0 10.9849519281437 0.0652677
42 146.25 -0 -154.743630156749 -0.5040781
42 157.5 -0 -12.5416459938767 -0.062361
42 168.75 -0 -35.9288320588329 -0.2464813
42 180 -0 -19.9634496289669 -0.1802339
42 191.25 -0 -9.1826652344675 -0.0737629
42 202.5 -0 -11.8596755472122 -0.0710263
42 213.75 -0 -19.1810767900989 -0.1302599
42 225 -0 -24.4377385062618 -0.1774632
42 236.25 767.080807473588 9.50608739666377 0.0257231
42 247.5 1563.83832973441 11.7118777729756 0.2379337
42 258.75 1055.20825799334 16.799048763191 0.0726934
42 270 227.02794123215 -21.2378645059833 -0.1624627
42 281.25 649.117409594565 12.2079442515723 -0.0573802
42 292.5 -0 11.8152365261401 0.1260448
42 303.75 -0 -14.3154533656445 -0.2604042
42 315 -0 5.85257660586213 0.0400421
42 326.25 -0 29.5286047421138 0.3121599
42 337.5 -0 51.1925375622811 0.3238784
42 348.75 -0 34.8470948246707 0.0372107
36 0 -0 26.868 0.2313887
36 10 106.506480016278 17.4966633529025 0.2279437
36 20 -0 -49.1916000161056 -0.5820174
36 30 -0 -133.950411563445 -0.5499355
36 40 330.766076129568 26.8084681919559 0.2243747
36 50 1186.25881667826 -6.40035935086501 0.6857553
36 60 961.290810029455 10.9865482264242 0.1293199
36 70 3469.24526606333 40.5208508537451 0.0622704
36 80 4151.39466336595 -111.587954851696 0.4948356
36 90 5099.70893421406 22.0129611424599 0.2291007
36 100 3277.52181063114 -80.6063461058432 -0.1138642
36 110 1196.92686433902 -0.833510284623443 -0.2433087
36 120 58.5523681865164 7.86031155670885 0.1032955
36 130 -0 -31.3121940783299 0.2312585
36 140 16.2481554136242 119.695609130298 0.5989997
36 150 -0 1.61812897992754 -0.0872869
36 160 -0 -22.6684210466774 -0.1644893
36 170 -0 -30.394698325615 -0.2061867
36 180 -0 -18.1192759950831 -0.1011648
36 190 -0 -16.7561779712468 -0.2168333
36 200 -0 -13.6407781713183 -0.1633701
36 210 -0 -12.3143392814315 -0.1525302
36 220 -0 -30.0427041331838 -0.2461612
36 230 -0 -32.901745154344 -0.2857643
36 240 145.403216826328 -61.7777973364113 -0.0799347
36 250 2048.72636407851 33.5530013696473 0.108376
36 260 735.722456108653 -41.4699162776661 -0.2115722
36 270 72.2506171511897 -16.1504548874095 0.0496886
36 280 259.242225014518 3.42386801622255 0.0955153
36 290 -0 -25.0543372262103 -0.3598715
36 300 -0 -27.7644108446895 -0.125198
36 310 -0 3.93788469701655 -0.0413878
36 320 -0 13.5524455561933 0.2515097
36 330 -0 38.9708297013507 0.3884927
36 340 -0 -9.88083897347094 -0.1174982
36 350 -0 -50.6276064536095 -0.0529287
30 0 470.999999879978 -55.898 -0.1334141
30 9 332.528539200219 -20.8718228914902 -0.2391375
30 18 240.24076937961 19.2864618776087 0.1372263
30 27 -27.9253847146643 8.80516563288784 0.0972783
30 36 935.507347604089 29.8128033213551 0.3027517
30 45 287.504130088203 -2.68275991938824 -0.2227483
30 54 2361.04416221304 61.8941407317087 0.563631
30 63 611.475268227781 -34.6121028938252 0.1522779
30 72 129.495392503255 -52.4307050231303 -0.5796162
30 81 4982.83536792075 260.547886330819 0.7474545
30 90 5672.12310261218 64.8935369943339 0.5548813
30 99 3570.14826555875 -110.115711185432 0.2848125
30 108 894.835499579107 -40.1178485604674 -0.44993
30 117 163.323269593254 -7.78412845050831 -0.0924803
30 126 -0 15.2887395960669 0.2507403
30 135 -0 21.4437546416862 0.1505461
30 144 -0 42.5143078999564 -0.1250932
30 153 -0 -14.6010820429421 -0.1210264
30 162 -0 -20.2349609344622 -0.1657309
30 171 -0 -12.9964016526446 -0.1590358
30 180 -0 -10.8574805831262 -0.0922122
30 189 -0 -5.49055734701287 -0.0438195
30 198 -0 -15.2065367212872 -0.0561891
30 207 -0 -3.85305408134322 -0.0242
30 216 -0 -7.32459689423021 -0.0255578
30 225 -0 -28.9472130652983 -0.0721908
30 234 -0 -22.699330835234 -0.2006491
30 243 -0 -23.6214298865356 -0.2055058
30 252 1869.43503094556 -7.96047976367879 0.0854561
30 261 509.731163598111 28.2360439303823 0.0110257
30 270 2.74551519805086 -18.038820715768 -0.0044213
30 279 -0 10.2897100322413 0.0795094
30 288 -0 -60.6163745326832 -0.5206893
30 297 -0 -26.0961710840926 -0.1053453
30 306 -0 -30.1016855124579 -0.2475565
30 315 -0 6.93114728151443 0.1364049
30 324 -0 18.6834735578489 0.1739214
30 333 -0 5.40151024701835 0.0065316
30 342 -0 1.72678049621111 0.009915
30 351 1052.46029582233 93.9791378324413 0.4563702
24 0 316.000000022804 52 -0.0519219
24 8.18182 1059.19293186891 37.0181956437905 0.423071519149733
24 16.36364 572.633018832823 40.4720082925223 0.285566145013334
24 24.54545 440.225241621063 -7.18691121714513 -0.0530286964666665
24 32.72727 224.635724988389 4.6780395276292 0.0579952666299999
24 40.90909 878.517460690049 19.3006533492883 0.339764313698405
24 49.09091 260.687928083401 -26.8167033989327 -0.402644946003558
24 57.27273 -0 -7.30552511265065 0.106188522442
24 65.45455 -0 -32.3228647821065 -0.221681933333333
24 73.63636 310.384911037017 -13.8658887368239 0.11689338944
24 81.81818 452.314554839288 -24.9463381206407 -0.173759476160317
24 90 10.7502553142638 -32.8939892629583 -0.3041724
24 98.18182 1557.8492015776 15.278750919066 -0.148006735376559
24 106.36364 271.264027953391 -57.3573307339265 -0.262732995040001
24 114.54545 143.113377419449 -12.9866381702403 -0.1074175594
24 122.72727 497.082019263842 -63.6325051964558 -0.0901655769980015
24 130.90909 -0 50.7917385062346 0.166972783682719
24 139.09091 -0 65.676085160347 0.408868979455487
24 147.27273 -0 29.8300734203106 0.162096400193
24 155.45455 -0 5.15656294629747 0.00820534913333238
24 163.63636 -0 -13.6854075582382 -0.103782576799999
24 171.81818 -0 -12.4744141921881 -0.167881651033736
24 180 -0 -14.6896769069363 -0.1551785
24 188.18182 -0 0.0446363218153587 0.0927028771758752
24 196.36364 -0 -27.5541904843591 0.240883766826665
24 204.54545 -0 24.0474242428802 0.252999060666667
24 212.72727 -0 -2.02070377453459 -0.009039447308
24 220.90909 -0 -7.70668531289752 -0.0202291903815239
24 229.09091 -0 -29.0989201548834 -0.138090261224748
24 237.27273 -0 -35.8216997469732 -0.279190677504
24 245.45455 -0 -23.6028950648338 -0.264493531666666
24 253.63636 291.129015578618 -47.783732771605 0.0439573874133318
24 261.81818 342.418061152821 11.3911838374262 0.102071321766283
24 270 -0 -80.1477773716983 -0.3049206
24 278.18182 0.0863970779198916 -41.532580127308 0.0185755950008595
24 286.36364 -0 -46.5951521921771 -0.359632308906664
24 294.54545 -0 -42.2751386806585 -0.308037924133334
24 302.72727 -0 -46.1671233573269 -0.380718513662
24 310.90909 -0 -26.1100373506778 -0.137019043741607
24 319.09091 -0 -9.75974860824002 -0.0391848785637609
24 327.27273 -0 -1.06822591686427 -0.0633361399479991
24 335.45455 -0 10.4589723896576 -0.1123251672
24 343.63636 -0 44.7371224220275 0.135486188213347
24 351.81818 322.907279233447 5.76426345970474 -0.0272673882584861
18 0 372.000000032806 23.603 0.1479643
18 7.5 448.497725460688 -4.54874157845538 0.0043944
18 15 449.23577581246 9.59600386835907 -0.0709192
18 22.5 530.251012174348 -16.6746091095564 -0.0077346
18 30 320.009596826896 6.49975103156761 0.0210144
18 37.5 135.58897691792 -5.19341157184692 0.0995757
18 45 1002.5051972663 5.77497993063424 0.1823892
18 52.5 508.496136294783 -28.2772048169704 -0.0246403
18 60 -0 -0.802893165129602 -0.1650615
18 67.5 -0 -33.3973167642389 -0.2629299
18 75 494.531518158904 -50.1176692201232 -0.232343
18 82.5 1047.2591038993 86.4635608546786 0.010559
18 90 -0 -40.2224049427147 -0.2434479
18 97.5 381.261628573469 -13.2211993102747 -0.0357002
18 105 599.1645184487 -17.4670473931943 -0.2271288
18 112.5 -0 -42.4761247664288 -0.1542237
18 120 -0 -19.3673433007015 0.3700624
18 127.5 -0 36.9598541506589 0.1154571
18 135 -0 5.33488177541302 0.0063973
18 142.5 -0 19.7831990597041 0.3656229
18 150 -0 32.8728461914648 0.2552574
18 157.5 -0 4.9036244590949 0.0113873
18 165 -0 -20.4347048323087 0.0566305
18 172.5 -0 16.1370878244809 0.0258615
18 180 -0 -15.491476156873 -0.0609392
18 187.5 -0 3.64753633190308 0.0697873
18 195 -0 -7.41615923915407 0.0019491
18 202.5 -0 11.0274430164797 0.1649356
18 210 -0 -2.92404665679318 -0.017256
18 217.5 -0 -11.3730896928295 -0.0838306
18 225 -0 -17.3571734022465 -0.1446961
18 232.5 -0 -33.8159001596116 -0.2114265
18 240 -0 -28.5710583543535 -0.2969303
18 247.5 -0 -25.1606926289757 -0.1523701
18 255 -0 2.5833491474158 -0.1067337
18 262.5 2078.96138285733 84.1245660478349 0.6520749
18 270 239.905657377599 13.6369092811619 0.2059418
18 277.5 -0 6.03027903981075 0.0647291
18 285 -0 -27.8344167802602 0.0547883
18 292.5 -0 16.982810689803 -0.5161951
18 300 -0 -107.268539253182 -0.8685783
18 307.5 -0 -18.7889095893651 -0.2134913
18 315 -0 -21.5365214310746 -0.0624328
18 322.5 -0 -20.2344160293061 -0.1506106
18 330 -0 23.102094630356 0.2323444
18 337.5 -0 22.0558623005175 0.2794905
18 345 40.2692760554825 16.3082231941111 0.2989909
18 352.5 336.995460241526 1.60532612566967 -0.1020879
12 0 299.999999992796 8.314 0.0129671
12 6.92308 533.458648522912 12.8350900473683 0.0350857112921419
12 13.84615 302.711109352711 14.2425048150211 0.02121416023455
12 20.76923 481.108936877269 -2.86751634715292 -0.0501625917115876
12 27.69231 495.162961582071 2.51786985909546 -0.0369774522726344
12 34.61538 483.20655219636 -5.99761076735936 -0.03097995584
12 41.53846 379.05973686952 -12.1767971310634 0.13421548632
12 48.46154 -0 -7.18082291294571 0.155711227706667
12 55.38462 -0 24.4566864992713 -0.0148065431780001
12 62.30769 -0 -33.6214907585053 -0.210263083202139
12 69.23077 -0 -61.6513973293777 -0.468314323979796
12 76.15385 787.692894852095 -18.171286877143 -0.207519344478629
12 83.07692 -0 -65.2942946201605 -0.622289490694373
12 90 -0 -11.9825744091203 -0.0555614
12 96.92308 -0 -7.46453662218379 -0.078016292610228
12 103.84615 344.72628538325 -12.9623695311517 -0.121564945382334
12 110.76923 -0 -3.76863337627526 -0.033541591208647
12 117.69231 -0 10.2160239271813 0.239160085532838
12 124.61538 0.014632502748991 88.6220205679266 0.581589825106
12 131.53846 -0 30.1134340866739 0.0715405275200005
12 138.46154 -0 50.2070499772428 0.114929122479996
12 145.38462 -0 -24.2922425080372 -0.475946015617997
12 152.30769 -0 7.31811791510485 -0.0705708378825136
12 159.23077 -0 -16.3941770299478 -0.0579193406001079
12 166.15385 -0 7.85884773158832 0.0935457159444939
12 173.07692 -0 4.9355669755869 0.0181491808609951
12 180 -0 -6.65914449247541 -0.0843263
12 186.92308 -0 4.45182417349089 0.0206311947602164
12 193.84615 -0 -11.2699402789163 0.130479087566744
12 200.76923 -0 0.984024010197668 -0.00904859928634802
12 207.69231 -0 3.0260692920299 -0.0519690866060325
12 214.61538 -0 -0.728251125223428 0.0231437685999998
12 221.53846 -0 -6.75484423155352 -0.00480433082666694
12 228.46154 -0 -19.4566924551561 -0.129096656533334
12 235.38462 -0 -30.5356425300503 -0.25970721322
12 242.30769 -0 -32.1127121473724 -0.287184392846081
12 249.23077 -0 -24.243019734184 -0.143679115324541
12 256.15385 -0 1.94926272581993 0.0533178510369285
12 263.07692 -0 8.7646928300852 0.105436391050346
12 270 -0 1.78816808288212 0.0031655
12 276.92308 3.44688773395575 53.510988436853 0.347790745668599
12 283.84615 -0 4.02018010752215 -0.14286970562754
12 290.76923 -0 -33.9550863574477 -0.20694244899475
12 297.69231 -0 -79.967693656726 -0.184543647859507
12 304.61538 -0 -53.9621984238588 -0.442784160997999
12 311.53846 -0 -25.3974248183877 -0.39468086816
12 318.46154 -0 -0.913216677374232 -0.112620599733335
12 325.38462 -0 -11.98183426013 -0.221537962946
12 332.30769 -0 -2.6066506118482 -0.0707551317269078
12 339.23077 -0 5.29007934016373 -0.139140729274457
12 346.15385 110.244189441786 17.431786962815 0.246414869502261
12 353.07692 336.884500983958 10.4133118314527 0.0909942637839864
6 0 84.9999997391495 34.428 0.2204829
6 6.42857 60.8111266700415 7.01483172927327 0.133849976546877
6 12.85714 777.6774208269 7.77616986319671 0.294766424927541
6 19.28571 484.0202205386 -31.3959093633021 -0.195510712002136
6 25.71429 644.457564405886 -30.6949543086159 -0.157002433631049
6 32.14286 433.663505213883 -8.69196386166779 -0.147197653783477
6 38.57143 1813.59523729286 17.8192853948079 0.201660292218316
6 45 527.985426514565 -1.99034594611527 -0.1535492
6 51.42857 -0 -56.8264119686672 -0.6024585757022
6 57.85714 -0 -23.4131777243861 -0.0313921239618
6 64.28571 -0 -54.2422184196907 -0.260374585507489
6 70.71429 -0 -86.4210915056375 -0.526649495676699
6 77.14286 -0 -73.1914215075538 -0.600535537274142
6 83.57143 -0 -95.0805449932908 -0.664986271440553
6 90 -0 1.59970636872336 0.1738649
6 96.42857 -0 -3.90935721526054 0.206757504198071
6 102.85714 46.2212878872512 14.8437415323941 0.136531268498699
6 109.28571 -0 19.2676913518259 0.108379521289266
6 115.71429 -0 37.7692274811354 0.301865153528219
6 122.14286 -0 18.5058038678769 0.6646048198
6 128.57143 -0 -16.6774001107046 -0.172674237520429
6 135 -0 29.6395079722157 0.2058953
6 141.42857 -0 36.6868578287518 0.245451073407692
6 147.85714 -0 48.1363411209432 0.26341248808084
6 154.28571 -0 51.8872522982746 0.187175835506603
6 160.71429 -0 35.9999551252873 0.114921311581607
6 167.14286 -0 -2.30989796291278 -0.0956965579305729
6 173.57143 -0 26.797475806096 0.0293530159385127
6 180 -0 0.680737924686536 -0.0718566
6 186.42857 -0 -13.7486726318344 -0.102277047090042
6 192.85714 -0 7.25743244610259 8.92163807020771E-005
6 199.28571 -0 22.2747150373897 0.202957467306608
6 205.71429 -0 12.8614070468896 0.156340043274658
6 212.14286 -0 2.24567620833189 0.0906809897576615
6 218.57143 -0 5.63822219940684 0.0511531476035475
6 225 -0 -1.83954086802355 -0.0322658
6 231.42857 -0 -7.91414443453813 -0.0321924124171727
6 237.85714 -0 -13.0715632715636 -0.105652169674947
6 244.28571 -0 -18.1087745557408 -0.15369562153898
6 250.71429 -0 -14.0092172747259 -0.0955081537124958
6 257.14286 -0 -5.42970771979406 -0.00395654807188437
6 263.57143 -0 0.801233961584832 0.0390507699311104
6 270 -0 6.89750565902515 0.0412066
6 276.42857 -0 10.9333672687322 0.249028042948399
6 282.85714 345.819352043672 88.3304354941668 0.573255675973542
6 289.28571 109.31219983336 -10.8676444932985 -0.127068760084028
6 295.71429 538.054758182878 29.1948430390447 0.200171309992112
6 302.14286 14.2547431561311 4.5076832254835 -0.00272062008054136
6 308.57143 -0 17.067728355049 -0.139364783111127
6 315 -0 -32.1781940239639 -0.3344972
6 321.42857 -0 -12.7397159039245 -0.0444169500613505
6 327.85714 -0 12.555091136394 0.235955581198663
6 334.28571 -0 3.23422050077621 0.107714055494452
6 340.71429 -0 9.82389439772333 0.103578219228371
6 347.14286 -0 -10.7603591788516 0.018416260838819
6 353.57143 202.438115993463 27.502551917494 0.343726851925224
0 0 -0 -20.791 0.0026879
0 6 -0 11.5910163458986 0.162308
0 12 340.311913805613 6.48490850229181 0.1095429
0 18 318.99918864278 -20.1935645022459 -0.5176856
0 24 411.772697277763 -61.8191949406342 -0.5665383
0 30 1048.475137475 -24.8485562537327 0.2183484
0 36 1618.77094232829 -14.5348488583231 0.3259065
0 42 22.9982343453867 -33.1465628502656 -0.2082133
0 48 -0 -48.5482423929805 -0.5121052
0 54 -0 -27.2044525402055 -0.1041865
0 60 -0 -31.4952974987156 -0.2356055
0 66 -0 -30.4938455759191 -0.2591651
0 72 -0 -93.6612714318442 -0.4972954
0 78 -0 -84.0644559638044 -0.6427863
0 84 -0 -75.7436685638954 -0.571765
0 90 -0 -49.6559996402421 -0.1387727
0 96 -0 13.1537146128958 0.1368946
0 102 21.2738678916644 15.6061584419935 0.4532839
0 108 -0 38.1488227578399 0.384513
0 114 549.028123718108 83.4420538734823 0.6190997
0 120 215.538072506747 96.1474691677107 0.4241143
0 126 -0 -159.628858635435 -0.5963415
0 132 -0 -41.1851685396896 0.7046477
0 138 -0 38.9323825168103 0.1013231
0 144 -0 38.5029725221492 0.2010699
0 150 -0 2.22955937615001 -0.0425434
0 156 -0 46.1689207236772 0.2036138
0 162 -0 -0.874384971618722 -0.0481851
0 168 -0 17.727207907278 0.0093087
0 174 -0 -35.2853329638492 -0.0372044
0 180 -0 12.8821706037373 -0.0417865
0 186 -0 3.94775477388417 -0.0109515
0 192 -0 13.8122158159357 -0.0346066
0 198 -0 18.81491003942 0.0565726
0 204 -0 32.8185423668159 0.2008917
0 210 -0 25.116206870655 0.2029711
0 216 -0 8.76270461804173 0.1841105
0 222 -0 8.96138855478209 0.1018495
0 228 -0 3.35003814528384 0.0631503
0 234 -0 -8.4384140086186 -0.0129015
0 240 -0 -10.97561974439 -0.0974753
0 246 -0 -12.9322293074374 -0.079077
0 252 -0 -8.89387716994425 -0.0491693
0 258 -0 -8.46808816807034 -0.072998
0 264 -0 -2.94752431078488 -0.0675592
0 270 -0 18.369291020675 0.036896
0 276 -0 -18.4838269435873 -0.0431913
0 282 3751.8306063128 328.469639763559 0.8614645
0 288 175.764578338175 43.6013924440818 0.4582438
0 294 80.4673108959725 1.35116962621175 0.0794024
0 300 143.762178494945 -2.99792537858901 -0.0168321
0 306 233.712258773787 -18.4467002914109 -0.1647454
0 312 -0 -41.566843401947 -0.0890933
0 318 -0 -52.7583975251408 -0.2301724
0 324 -0 -28.6981089687385 -0.090252
0 330 -0 7.59846451382926 0.1503092
0 336 -0 12.1483063847643 0.1747163
0 342 -0 -77.1022699591728 0.0631168
0 348 -0 11.0776032858941 0.0700249
0 354 -0 17.9444002711895 0.0046971
-6 0 -0 31.633 0.1432314
-6 6.42857 -0 -15.0871400314773 -0.223184788768242
-6 12.85714 5.9477768046435 -9.36625521058833 -0.0185414169242645
-6 19.28571 738.955717823189 -6.40727815089041 -0.114323299899554
-6 25.71429 738.224262471453 -25.5888664221321 -0.321262467658334
-6 32.14286 1103.07118173445 -7.05739534541922 -0.0441155978510809
-6 38.57143 605.463506923754 34.127624366289 -0.0128956584396146
-6 45 -0 -32.3906071173321 -0.3456767
-6 51.42857 -0 -53.3155893643021 -0.0405677010547131
-6 57.85714 -0 -15.1989409338211 0.0432186230077471
-6 64.28571 -0 -46.4272750951197 -0.251288100471021
-6 70.71429 -0 -63.3958275435095 -0.285177963376047
-6 77.14286 -0 -61.6172658703991 -0.495790750319328
-6 83.57143 -0 -74.152395636208 -0.457344658554976
-6 90 -0 -21.2249070032994 -0.2395787
-6 96.42857 -0 -13.6553361772025 0.023066281791597
-6 102.85714 -0 -29.1174710547998 -0.138001778576868
-6 109.28571 -0 40.5289768979072 0.613163029675998
-6 115.71429 -0 45.7230449609418 0.502899270943715
-6 122.14286 -0 33.692367697024 0.425247348864109
-6 128.57143 -0 29.3388765492179 0.143883451040823
-6 135 -0 59.1308886528219 0.2301101
-6 141.42857 260.704901733944 9.56219804583895 0.510715563656862
-6 147.85714 136.712429338601 -6.71770444115685 0.0616697823524495
-6 154.28571 14.8487439643755 69.3075980448785 -0.0808975991673023
-6 160.71429 -0 46.9677077604037 0.196839588499551
-6 167.14286 -0 7.50939189447 -0.0170746360963727
-6 173.57143 -0 4.55590648520993 -0.0927281494616003
-6 180 -0 4.41766328463495 -0.1331263
-6 186.42857 -0 -5.86083975142258 -0.145702216449236
-6 192.85714 -0 8.80677517942348 0.0186544690625547
-6 199.28571 -0 9.75274426384913 0.0189183611792507
-6 205.71429 -0 6.18396117347922 0.0540234965936815
-6 212.14286 -0 7.04990952618583 0.0561083731916389
-6 218.57143 -0 11.5407888526114 0.108730592865753
-6 225 -0 -0.566013053550167 0.0420945
-6 231.42857 -0 4.32039669185331 0.0148104018889694
-6 237.85714 -0 -7.07472952128126 -0.0216264890556341
-6 244.28571 -0 -8.62530161853271 -0.0432033357158948
-6 250.71429 -0 -0.798058866049299 0.0243531164036087
-6 257.14286 -0 -9.61968423242482 -0.0550751439062436
-6 263.57143 -0 -15.8983280921909 -0.144872368113215
-6 270 -0 -9.32917897134353 -0.2125024
-6 276.42857 -0 -7.47386355267402 -0.227096948077561
-6 282.85714 934.085001326706 -43.2282998052155 0.0478182499041522
-6 289.28571 153.714703642488 57.518981146799 0.418292768333904
-6 295.71429 66.6681888476942 -6.5342124077878 -0.0722298778288918
-6 302.14286 207.549087468171 -2.12719269016391 -0.139580872920323
-6 308.57143 340.866546974017 -18.3978436255938 -0.172928476315878
-6 315 269.297560270414 -33.3491925780143 -0.3872024
-6 321.42857 217.360033859487 11.1246019842298 0.237645079637792
-6 327.85714 -0 -6.1604621894783 -0.128706500085541
-6 334.28571 -0 -12.7754711052276 -0.140203318209471
-6 340.71429 -0 -2.08160127549366 -0.00438370479389703
-6 347.14286 -0 14.4700366550079 0.160552818179791
-6 353.57143 -0 -3.97747617128318 0.0327613382711666
-12 0 -0 5.479 -0.1026911
-12 6.92308 -0 7.96542079459751 -0.0195714287701888
-12 13.84615 167.626034570646 10.4868260043785 0.412309651416824
-12 20.76923 1182.34180960468 9.94854470066212 0.115815596411798
-12 27.69231 1303.97645503126 4.04061807696133 0.000477636999104927
-12 34.61538 794.489122585481 -60.2604622997881 -0.209874572494
-12 41.53846 -0 -20.2317952690709 -0.22468721184
-12 48.46154 -0 -27.4187547947932 0.0794945045066666
-12 55.38462 -0 -9.377267090206 -0.023713251694
-12 62.30769 -0 -21.5076994725604 0.0234505759727643
-12 69.23077 -0 -14.7623937139668 -0.0828172545475631
-12 76.15385 -0 -45.4692533657971 -0.32496169493667
-12 83.07692 -0 -37.2895757066822 -0.251703040767189
-12 90 -0 -60.1826346411833 -0.3437072
-12 96.92308 -0 61.2652718739217 -0.054559276984385
-12 103.84615 -0 -8.15444523537558 0.110776277077099
-12 110.76923 -0 36.2615445305848 0.0691065903195757
-12 117.69231 -0 22.0456781706867 -0.223523910242638
-12 124.61538 -0 53.0894604696824 0.175295119364
-12 131.53846 -0 31.6969756393432 0.481266819786666
-12 138.46154 -0 46.8212478551383 0.259326638959999
-12 145.38462 -0 35.5722730944461 0.172593564229999
-12 152.30769 -0 -3.48689457620827 0.204174027358832
-12 159.23077 -0 2.34201667114742 0.299974608111071
-12 166.15385 -0 -100.667364870847 -0.141723970758396
-12 173.07692 -0 -21.9688597144328 0.267693886299226
-12 180 -0 6.60300556712662 0.1830066
-12 186.92308 -0 -5.22170873267073 0.0386879629691459
-12 193.84615 -0 -1.16757564162925 -0.0917001847995399
-12 200.76923 -0 1.13938902529108 -0.0358733166781632
-12 207.69231 -0 -9.08797777787011 -0.0892582012787848
-12 214.61538 -0 -0.944170430439547 -0.110189794776
-12 221.53846 -0 -4.51588041555823 -0.00461978727999971
-12 228.46154 -0 4.22469187790586 -0.00867367226666609
-12 235.38462 -0 -5.06191780257694 0.0259311681420001
-12 242.30769 -0 3.22714213261767 0.0467841878095231
-12 249.23077 -0 10.1280429085509 0.111799818114003
-12 256.15385 -0 -2.26702171046556 -0.0244585508551907
-12 263.07692 -0 -8.21569366891375 -0.0651665469045519
-12 270 -0 -13.6531217864335 -0.1021887
-12 276.92308 -0 -1.94089333307955 -0.155327616135978
-12 283.84615 3625.17238550308 103.324199180719 0.858459622239237
-12 290.76923 300.444880985819 12.1903033298225 0.219075294079182
-12 297.69231 341.159087064671 49.147114505889 0.352056196955124
-12 304.61538 357.437887851828 -6.19725290026612 -0.185702659356002
-12 311.53846 266.552712966983 -6.34686144284347 -0.179320921146667
-12 318.46154 869.818502549163 8.56810072261866 -0.046709378906662
-12 325.38462 -0 -9.9736172788113 -0.132860409066001
-12 332.30769 -0 -14.646392338754 -0.149891709575284
-12 339.23077 -0 -4.01360982679883 -0.0790033060332749
-12 346.15385 -0 12.5996328891857 0.0228240832653126
-12 353.07692 -0 16.7774261224256 -0.0279365111618401
-18 0 -0 15.185 0.0337486
-18 7.5 -0 4.81424097908935 -0.0552688
-18 15 1111.00356779415 32.4599108982275 0.2209787
-18 22.5 1006.24835202952 1.44382992715053 -0.0472776
-18 30 1101.98587574858 -5.30628787968626 0.1361242
-18 37.5 -0 45.1633093124829 -0.1636626
-18 45 273.315239364016 -11.7067594599538 0.1417862
-18 52.5 -0 -9.44672655596106 -0.1412946
-18 60 -0 -34.8099240263988 0.136892
-18 67.5 -0 8.86666496789951 0.1865646
-18 75 -0 -23.4506764777176 -0.0704002
-18 82.5 -0 -28.849591383208 -0.2528651
-18 90 -0 -20.4311038307522 -0.2648519
-18 97.5 -0 -32.132190238197 -0.3118766
-18 105 -0 -31.915859378254 -0.3208584
-18 112.5 -0 -42.8326740619479 -0.2169905
-18 120 -0 -6.05178128241314 0.1181795
-18 127.5 460.771297785025 64.4307655771174 0.2270443
-18 135 216.500076313585 19.0727017003412 0.0826204
-18 142.5 160.770487961799 36.5880906221583 0.1772417
-18 150 -0 53.6329130237332 0.2509813
-18 157.5 -0 15.339093294213 0.1456736
-18 165 -0 18.9639719856536 0.2410667
-18 172.5 -0 60.3065778100305 0.5858079
-18 180 -0 36.5372826804545 0.2025377
-18 187.5 -0 -211.435889881079 -0.1540903
-18 195 -0 -6.60835146669509 -0.1213767
-18 202.5 -0 -4.88534066641826 -0.0136358
-18 210 -0 7.22929257121501 0.1643409
-18 217.5 -0 -12.0285278939112 -0.046595
-18 225 -0 -9.96722031437174 -0.0971494
-18 232.5 -0 -8.41169980444901 -0.0429589
-18 240 -0 6.37178055512 0.0766005
-18 247.5 -0 10.2373439718229 0.1457822
-18 255 -0 3.8961083549399 0.0758754
-18 262.5 -0 -1.28036998660362 -0.0359509
-18 270 -0 -4.83881253218598 -0.0500829
-18 277.5 -0 -4.86560719669829 -0.1018872
-18 285 -0 13.5581109630339 -0.2783844
-18 292.5 3717.50449832383 89.2970127055126 1.2798814
-18 300 384.958258594826 40.4773295590132 0.2360551
-18 307.5 678.26121677562 -19.4232518428021 -0.1254143
-18 315 751.471198102844 0.705790582310483 -0.1518443
-18 322.5 -0 125.819245731808 0.0009294
-18 330 -0 1.42330055027589 0.0261027
-18 337.5 -0 -5.08335172132664 -0.1467085
-18 345 -0 -12.0996844023275 0.0185646
-18 352.5 -0 12.5385557605949 0.0241384
-24 0 -0 7.44 0.0400024
-24 8.18182 -0 -2.28728815692438 0.0166010901538162
-24 16.36364 1757.93203330098 99.8111717520116 0.472222773386667
-24 24.54545 1108.86944420649 15.3030212706468 0.0436999332
-24 32.72727 153.041536195833 -16.6412808991233 -0.028325324533
-24 40.90909 -0 -7.82912599448342 -0.069025688060544
-24 49.09091 -0 -10.3528526565793 -0.119420744346268
-24 57.27273 -0 3.41617602773378 0.04472068788
-24 65.45455 -0 4.957090085493 0.162915397333333
-24 73.63636 -0 1.56258470242326 0.12555211056
-24 81.81818 -0 -10.572618531202 -0.0353308516025741
-24 90 -0 -31.6411181405777 -0.1770971
-24 98.18182 -0 -41.0294970835675 -0.308800545795464
-24 106.36364 -0 -46.1805191450133 -0.187166536266667
-24 114.54545 129.522991878026 -0.253589914350153 0.100671979866667
-24 122.72727 474.525322884227 4.90815313620684 -0.0215897545360005
-24 130.90909 681.149786557391 -59.710994146034 -0.30759792786634
-24 139.09091 110.49871763136 6.0487507937785 0.140109862465704
-24 147.27273 354.764946013563 43.7648505822392 0.337952385648
-24 155.45455 -0 7.80394382680557 -0.027621868866667
-24 163.63636 -0 32.4176414676072 0.103609150240001
-24 171.81818 -0 39.9030237992162 0.0725544761335944
-24 180 -0 38.3153556053823 0.3405733
-24 188.18182 -0 22.852225978409 0.0992467864736355
-24 196.36364 -0 -3.87286202743915 -0.0748605514666663
-24 204.54545 -0 -5.73004425030164 -0.0495911359333333
-24 212.72727 -0 12.2758563102452 -0.088949680658
-24 220.90909 -0 -12.7912074722152 -0.122048791134831
-24 229.09091 -0 -12.4734246264561 -0.0437146109873571
-24 237.27273 -0 9.27262271812987 0.0143253858099999
-24 245.45455 -0 1.68771374757863 0.0645653761999996
-24 253.63636 -0 -0.993996726617255 0.0260712413333332
-24 261.81818 -0 7.05960780383705 0.0722249376680053
-24 270 -0 9.98813570326877 0.0553686
-24 278.18182 -0 -16.050093077324 -0.00691088676472507
-24 286.36364 -0 16.4856304651464 -0.056737108213329
-24 294.54545 2013.15554111971 18.1146760706039 0.667589631666635
-24 302.72727 77.3243897859845 14.0918961079551 0.119435890987001
-24 310.90909 704.743548597163 9.27330609880482 0.0266734599256389
-24 319.09091 -0 -26.9980076794615 -0.19506958145424
-24 327.27273 -0 -10.7783865295301 -0.128402882266
-24 335.45455 -0 -22.0775190217178 -0.145485341333334
-24 343.63636 -0 -4.1882833790827 -0.0130743381866649
-24 351.81818 -0 5.52867759426676 -0.0174148786737905
-30 0 -0 24.289 0.1164388
-30 9 -0 19.4634304222868 0.0686989
-30 18 763.961682969056 40.5750960306793 0.2667144
-30 27 1514.08849543555 20.8497855398546 0.536472
-30 36 -0 28.7438224696389 0.0296062
-30 45 -0 43.2439028436916 0.2066416
-30 54 -0 22.1124467091771 0.0824647
-30 63 -0 5.56627151514636 0.1483517
-30 72 -0 14.7807189148073 0.1500142
-30 81 -0 1.97085391034027 0.0471105
-30 90 -0 -11.269825023857 -0.0233736
-30 99 -0 -34.041012414724 -0.1490267
-30 108 -0 -42.2190548542409 -0.3346438
-30 117 289.510674918349 -5.67589836068181 -0.0264587
-30 126 222.001639766625 -38.2562137392058 -0.2464814
-30 135 168.760846552277 -9.2054993670635 -0.0346383
-30 144 129.972284098009 16.622092962389 0.0313701
-30 153 116.740650865779 44.5889614122377 0.2625146
-30 162 -0 31.4242039904117 0.1041617
-30 171 -0 37.4156063196983 0.2563153
-30 180 -0 90.8354153425044 0.6785306
-30 189 -0 12.5649433251719 0.1428273
-30 198 -0 7.96941256337836 -0.011849
-30 207 -0 2.52955016930704 -0.0371234
-30 216 -0 -6.52130209263677 -0.0168944
-30 225 -0 -3.44530109686423 -0.0788449
-30 234 -0 -3.9842298142342 -0.0479032
-30 243 -0 -9.55564789773612 -0.0581011
-30 252 -0 -3.09704560899841 -0.0451978
-30 261 -0 -0.703321450549654 -0.0320237
-30 270 -0 9.55558655766334 0.0314233
-30 279 -0 0.432792231249173 -0.0455169
-30 288 -0 -113.135960697081 -0.0691188
-30 297 76.251539677121 11.8595369450333 0.1023119
-30 306 75.733881564314 -9.80833841222389 0.1404325
-30 315 -0 -14.3127080685475 -0.2533489
-30 324 -0 7.00175447638588 0.1187786
-30 333 -0 2.23738501104158 0.0251595
-30 342 -0 5.93425657712393 0.0374076
-30 351 -0 3.08776046770358 -0.0266461
-36 0 -0 -10.997 -0.1439312
-36 10 -0 7.79606759654876 0.0092921
-36 20 -0 41.1377701643733 0.1230113
-36 30 -0 -1.09081331540203 -0.0850891
-36 40 -0 7.7431543644253 -0.0666081
-36 50 -0 31.020176959363 0.3486843
-36 60 -0 16.6091992357993 0.0397766
-36 70 -0 15.2086732592983 0.1231662
-36 80 -0 28.2529955151043 0.1792756
-36 90 -0 -0.778267007546602 -0.0156412
-36 100 -0 -21.3030062594925 -0.1794858
-36 110 -0 -73.4552952506585 -0.3879791
-36 120 -0 -82.6401985304308 -0.5554193
-36 130 -0 -56.0811794442652 -0.5908614
-36 140 17.0078361726845 1.09207358875677 0.075356
-36 150 113.218403080313 27.2151525856442 0.2457976
-36 160 -0 -30.4628301909521 -0.1152424
-36 170 -0 -1.11983374515158 0.1300954
-36 180 -0 10.840246015266 -0.2003652
-36 190 -0 1.85967766224298 0.1117814
-36 200 -0 -7.32750207584177 0.0437567
-36 210 -0 3.8685551685748 -0.0035573
-36 220 -0 -8.94466117246513 0.0108983
-36 230 -0 -1.4303312258783 0.0071359
-36 240 -0 -7.85217755905639 -0.0689044
-36 250 -0 -5.33122453629502 -0.041818
-36 260 -0 6.82706386284184 -0.023437
-36 270 -0 -14.3823272844081 -0.1041134
-36 280 -0 3.83642736515647 -0.0049356
-36 290 2213.33998607705 38.9870792928791 0.6340873
-36 300 54.7543106743869 18.4534835024156 0.1835065
-36 310 -0 -22.9828525338712 -0.2032015
-36 320 -0 -11.4778950590138 -0.1951621
-36 330 -0 -7.21881090230322 0.0466302
-36 340 -0 13.1030303560088 0.195198
-36 350 -0 4.37142207200066 -0.0152901
-42 0 -0 33.676 -0.0573694
-42 11.25 -0 26.3662958615226 0.1198667
-42 22.5 -0 16.9526137225257 0.1020259
-42 33.75 -0 11.0828216980886 -0.0014481
-42 45 -0 43.2989243150984 0.2757466
-42 56.25 -0 18.9456173995345 0.1413332
-42 67.5 -0 24.7671935398301 0.1349636
-42 78.75 -0 21.5207042127038 0.1843475
-42 90 -0 16.633431952862 0.1707078
-42 101.25 -0 -16.9165148012159 -0.0623204
-42 112.5 -0 -29.0217932410306 -0.2095341
-42 123.75 -0 -14.0159429397508 -0.1597877
-42 135 -0 -13.7781799501511 -0.1485672
-42 146.25 1050.3888035028 91.2132343177715 0.259472
-42 157.5 -0 -27.5858998269652 -0.1361499
-42 168.75 -0 0.185113536237605 0.0738762
-42 180 -0 18.6865809079257 0.3495449
-42 191.25 -0 -9.82158788268534 -0.0265593
-42 202.5 -0 -5.68640009519318 0.0632292
-42 213.75 -0 -10.721436514696 -0.0571003
-42 225 -0 -5.58578750112582 -0.0543915
-42 236.25 -0 0.605393209178999 0.0007389
-42 247.5 -0 2.90283896341355 -0.0150135
-42 258.75 -0 -6.43801201917361 -0.0649326
-42 270 -0 -5.77279336550608 -0.0024803
-42 281.25 -0 13.0527507909672 0.0623089
-42 292.5 1093.36501172017 56.0212216049573 0.2723224
-42 303.75 -0 -35.2084296765708 -0.1271688
-42 315 -0 -14.7100362237851 -0.1648869
-42 326.25 -0 -24.2338432462927 -0.1586246
-42 337.5 -0 7.44287354021356 0.1450879
-42 348.75 -0 20.496283702378 0.1296078
-48 0 -0 6.035 -0.040355
-48 12.85714 -0 -1.92063678226609 -0.0236541
-48 25.71429 -0 18.8070189962264 -0.0314517
-48 38.57143 -0 3.54484312107459 0.1385793
-48 51.42857 -0 25.0721843120135 0.2757655
-48 64.28571 -0 -6.82606996274453 0.1649715
-48 77.14286 -0 31.0259837473315 0.2316125
-48 90 -0 18.0157957029324 0.1684443
-48 102.85714 -0 5.87748839904094 0.0722207
-48 115.71429 -0 -14.2525166551038 -0.0758013
-48 128.57143 -0 -13.0798933009029 -0.0612795
-48 141.42857 -0 -8.72390563507949 -0.0359081
-48 154.28571 -0 -27.4946634696556 -0.1653904
-48 167.14286 -0 38.395795329984 0.1473101
-48 180 -0 47.2647373633803 0.0929008
-48 192.85714 -0 -9.94510671697408 -0.0920885
-48 205.71429 -0 4.57178814974122 0.0364249
-48 218.57143 -0 -9.72339307405831 -0.0676878
-48 231.42857 -0 -2.84580663539327 0.0081278
-48 244.28571 -0 -0.125802717188398 0.0785837
-48 257.14286 -0 -6.18242304579042 -0.0418702
-48 270 -0 69.7174178834001 0.0335891
-48 282.85714 -0 -32.174069811688 -0.028754
-48 295.71429 -0 5.92506926733055 -0.0200489
-48 308.57143 -0 -26.1250649434316 -0.3291568
-48 321.42857 -0 -17.780424454887 -0.2438925
-48 334.28571 -0 4.75548611218888 0.0116404
-48 347.14286 -0 27.5479527103755 0.2645498
-54 0 -0 16.827 0.2456875
-54 15 -0 12.6054550148571 0.1250989
-54 30 -0 4.77788416972894 0.0555234
-54 45 -0 22.8385368629652 0.4165981
-54 60 -0 47.7587341699286 0.099532
-54 75 -0 56.3706801392496 0.4418157
-54 90 -0 13.5959914059645 0.1260812
-54 105 -0 9.92666050614976 0.0924603
-54 120 -0 -13.7672298612946 -0.043055
-54 135 -0 -9.58827562595654 -0.0168573
-54 150 -0 -2.18506485740595 0.0164693
-54 165 -0 -3.78425088911452 -0.0428096
-54 180 -0 -29.6250335552488 -0.2883892
-54 195 -0 1.35473239873458 -0.1281592
-54 210 -0 6.44527660768144 -0.0094086
-54 225 -0 27.513617129805 0.0691474
-54 240 -0 16.8745314662466 0.2001271
-54 255 -0 -1.63162214173293 -0.0187851
-54 270 -0 -1.31838852268456 -0.0412454
-54 285 -0 -22.4603478197554 0.0127061
-54 300 -0 -27.3408233218921 -0.0285685
-54 315 -0 27.4406895361019 0.0843879
-54 330 -0 29.3096613235039 -0.1680357
-54 345 -0 8.35325003865973 0.1065596
-60 0 -0 -19.05 -0.1895711
-60 18 -0 15.6217100609333 0.0734101
-60 36 -0 15.6814256314369 0.0625784
-60 54 -0 18.0010118627922 0.0240559
-60 72 -0 3.62539596473151 0.1105033
-60 90 -0 -4.17915456551657 -0.0328095
-60 108 -0 6.00079650984011 0.0148599
-60 126 -0 -13.7958419740157 -0.1411183
-60 144 -0 -16.5570863780187 -0.0598274
-60 162 -0 -28.4025135494807 -0.1169204
-60 180 -0 -14.5270353179608 -0.3474343
-60 198 -0 -30.3083200593339 -0.1284613
-60 216 -0 -17.3173627935444 -0.0254827
-60 234 -0 -4.99760501534275 -0.0453458
-60 252 -0 -39.7269774035655 -0.1323376
-60 270 -0 -28.760437411851 -0.071942
-60 288 -0 -17.0178770055702 0.0722075
-60 306 -0 17.2828530421675 0.3537062
-60 324 -0 13.2770644475906 0.3179344
-60 342 -0 58.8862572144646 0.2808128
-66 0 -0 -3.207 -0.0497201
-66 22.5 -0 2.05053172901719 -0.1770554
-66 45 -0 -2.67385863628051 0.0662111
-66 67.5 -0 -5.24561784289486 0.0572079
-66 90 -0 19.0934022390683 0.0261809
-66 112.5 539.009947935073 -3.21786483617604 -0.0437632
-66 135 11.98523497328 -37.961743712068 -0.1884618
-66 157.5 -0 -25.8243942256678 -0.1645335
-66 180 -0 -79.9768370922685 -0.2608267
-66 202.5 -0 -23.8236907642838 -0.2399769
-66 225 -0 -35.6973009942018 -0.2492131
-66 247.5 -0 -20.5078756733482 -0.1355015
-66 270 -0 -15.1892769761264 -0.1224621
-66 292.5 -0 21.6514832567635 0.3830065
-66 315 -0 19.1801150373855 0.0835946
-66 337.5 -0 -2.86340257180156 -0.1121746
-72 0 980 -4.933 0.22438
-72 30 1684.51827187821 -31.0252419019555 0.0379285
-72 60 2359.50252448864 32.3923996859048 0.2577594
-72 90 3151.75702330598 9.0213571861197 0.3360698
-72 120 2873.50274805618 3.21200595388584 -0.0199098
-72 150 2124.49134463418 -63.5138627645086 -0.5278844
-72 180 -0 -76.2410160559927 -0.3766391
-72 210 -0 -59.6820640314793 -0.5480611
-72 240 -0 -4.26913889395598 -0.1334212
-72 270 -0 -27.5417301636546 -0.0123507
-72 300 -0 -5.6230014026358 0.1822662
-72 330 -0 -36.6456505242536 -0.3164832
-78 0 2528 -32.855 -0.25876
-78 45 3668.50164044909 -4.60605071143329 0.0977671
-78 90 3694.74996584209 28.1160630617719 0.327476
-78 135 2678.74630295609 -47.3732416752957 -0.5031358
-78 180 41.4993475210254 -53.7848996444264 -0.2595858
-78 225 1463.7194028986 -14.8829571082662 -0.0520244
-78 270 1654.01800896525 23.7731985028443 0.0645295
-78 315 174.573891384343 -26.0769374173644 -0.2509964
-84 0 2432 -2.395 -0.1728069
-84 90 3462.24712533991 -3.92364056173832 0.0979974
-84 180 61.9993727593858 -50.1313587244579 -0.1268219
-84 270 1749.2539145097 -11.3592893680987 -0.0291508
-90 0 2777 -95.395 -0.336909
